Taxa	"Shannon Diversity (Pathoscope), all coverages"	"Shannon Diversity (Pathoscope), coverage >  1%"	"Sepcies observed (Pathoscope), all coverages"	"Sepcies observed (Pathoscope), coverage >  1%"
MET0001	2.417469702	2.108938992	818	73
MET0002	1.982491888	1.912001935	1156	152
MET0009	0.340565853	0.323261316	671	52
MET0011	0.537019024	0.502612943	595	48
MET0012	0.615024045	0.583180686	572	38
MET0013	1.072124935	1.044501894	652	75
MET0014	0.513368988	0.497517852	461	32
MET0015	0.201843601	0.151727466	363	24
MET0016	2.216334981	2.148757961	865	79
MET0017	2.061210842	2.009275759	514	39
MET0020	3.498838734	3.232301025	926	118
MET0021	3.79444526	3.637302366	951	124
MET0022	2.222556986	1.97344073	969	139
MET0023	2.956212926	2.656394288	1027	150
MET0024	2.155908825	2.122992103	695	57
MET0025	1.906446712	1.860921593	878	77
MET0026	0.838972581	0.812509615	727	58
MET0027	0.080350081	0.066986265	435	22
MET0028	2.593641294	2.456531678	908	112
MET0050	0.315980671	0.309143555	274	14
MET0051	2.153905396	1.985982977	269	17
MET0052	0.105534123	0.094741416	463	26
MET0053	1.482503124	1.333741328	317	18
MET0054	2.248142549	2.187646346	878	91
MET0055	1.48143666	1.438518596	637	43
MET0056	2.122340035	2.090627917	402	35
MET0057	0.392624332	0.376517625	377	17
MET0060	0.819910194	0.796419845	438	26
MET0061	0.859808791	0.827758478	457	26
MET0062	1.770272659	1.553146578	838	69
MET0064	2.793799897	2.634156213	1090	171
MET0065	3.445054844	3.233198107	1067	180
MET0066	3.358730758	3.125725309	1056	162
MET0067	0.806879354	0.786334788	721	75
MET0068	3.341448685	3.115343405	739	76
MET0069	0.179006447	0.128659856	284	13
MET0073	1.432823298	1.226802681	410	25
MET0074	0.226029115	0.224102701	391	13
MET0075	0.406926077	0.35498495	360	22
MET0076	1.849572632	1.74597388	539	35
MET0081	1.610533552	1.348882486	395	27
MET0082	1.669151279	1.608470931	561	48
MET0083	3.217310105	3.036121605	1108	136
MET0084	1.697777151	1.662874289	747	54
MET0085	2.399759892	2.304290384	581	32
MET0086	0.908320668	0.855732601	647	39
MET0087	1.517945494	1.208453557	375	19
MET0088	3.370795465	3.121275609	667	63
MET0089	0.784171798	0.769848313	519	46
MET0091	1.006153579	0.983680221	699	69
MET0092	0.957566968	0.936849308	558	55
MET0093	1.19142519	1.161438978	530	44
MET0094	2.838843857	2.793292403	1068	191
MET0095	1.202550458	1.157856464	488	43
MET0096	1.929693795	1.892771565	525	43
MET0097	0.221259444	0.208360752	417	22
MET0100	1.821898347	1.732160664	602	54
MET0102	1.747259337	1.699670772	1012	159
MET0103	3.40061029	3.360866683	1182	234
MET0104	0.519760312	0.517329188	436	36
MET0105	1.394380789	1.375725051	599	59
MET0106	3.174788636	2.990414238	1006	110
MET0107	1.432923953	1.39418469	536	52
MET0108	2.330746189	2.245717559	906	118
MET0134	1.227748518	1.202810851	858	133
MET0136	0.645561326	0.641366051	601	76
MET0137	2.860055283	2.108974166	629	55
MET0138	1.023554704	0.984872864	701	79
MET0139	3.57145602	3.50777077	1064	210
MET0141	3.255818714	3.115403253	972	156
MET0142	1.511025613	1.468270652	945	115
MET0143	3.513279422	3.340866163	535	62
MET0144	3.569581924	3.45216098	1026	150
MET0160	1.476713332	1.339833934	892	65
MET0161	1.862369658	1.700858599	966	114
MET0162	0.058417048	0.055950731	351	18
MET0163	1.307616642	1.224722251	831	65
MET0166	0.909890562	0.858128687	431	23
MET0167	2.69416391	2.464994741	997	96
MET0168	2.208079467	2.015183582	1062	115
MET0169	1.182653769	1.052522717	254	9
MET0184	2.519509967	2.441125753	727	80
MET0185	1.359069095	1.301131399	558	55
MET0186	1.480814717	1.286849083	630	49
MET0187	1.658489066	1.550167663	515	48
MET0188	2.765574951	2.690157348	1061	179
MET0189	2.968978477	2.857124613	1168	209
MET0190	3.245258815	3.180458785	1225	327
MET0191	2.820405907	2.718663663	883	121
MET0192	2.255686444	2.151234908	818	73
MET0193	2.958344081	2.83776429	1109	171
MET0195	2.657508808	2.577358193	941	137
MET0196	1.469495634	1.362894204	556	30
MET0197	0.734672553	0.718299479	1030	146
MET0198	1.820408595	1.748048487	762	84
MET0199	2.379567874	2.327796821	906	133
MET0202	1.660716668	1.607709249	875	78
MET0203	1.012353478	0.99045072	971	120
MET0204	0.137583554	0.135479427	777	68
MET0205	1.540164665	1.412399929	1069	142
MET0206	3.016732092	2.921393946	1340	323
MET0207	2.808720701	2.733174806	1255	317
MET0208	2.833490122	2.559356039	890	92
MET0209	2.524547409	2.383220771	1129	237
MET0210	1.180406025	1.137253833	617	40
MET0211	0.160799246	0.156686766	930	67
MET0212	1.008755641	0.970701333	884	101
MET0213	2.317940282	2.239609606	749	103
MET0214	2.089499162	2.053731697	845	85
MET0215	1.110881274	1.074377322	933	119
MET0216	0.688160638	0.673331184	685	52
MET0217	3.232011434	3.13767036	1176	230
MET0218	2.074293196	2.030463285	738	47
MET0219	0.760417718	0.72928084	758	94
MET0220	1.577769712	1.537696252	755	111
MET0221	0.674401549	0.669747332	529	43
MET0222	1.870346054	1.80651697	725	85
MET0223	3.348915582	3.271424674	1170	242
MET0224	2.64205134	2.589262103	1055	197
MET0225	2.608909228	2.549381335	1033	183
MET0226	2.487580202	2.442019685	993	183
MET0227	1.972169532	1.887792168	684	82
MET0228	0.337558404	0.317210669	516	57
MET0229	0.64253083	0.625449523	670	70
MET0230	2.044500198	2.009003045	454	53
MET0231	3.217478817	3.094003218	1028	216
MET0232	1.155351581	1.139809117	644	71
MET0233	0.390002711	0.368630486	603	75
MET0234	3.873991291	3.759260084	1123	218
MET0235	2.803942723	2.569284435	640	65
MET0236	0.738856279	0.712718319	378	19
MET0237	1.384694042	1.361439658	803	81
MET0238	0.203223399	0.201658424	492	29
MET0239	0.986380325	0.967090116	809	78
MET0240	2.899033504	2.811636536	1021	196
MET0241	3.289346904	3.214512789	1131	240
MET0243	2.103354245	2.047055352	1119	182
MET0244	2.759790695	2.654347244	831	48
MET0245	0.742276655	0.716582038	523	36
MET0246	0.60969191	0.595517313	524	38
MET0247	2.607034558	2.477328668	950	132
MET0248	4.11790605	3.967923255	1246	338
MET0249	1.644324879	1.55615302	614	35
MET0250	0.918740014	0.887935042	759	65
MET0251	3.591396263	3.450814335	1203	176
MET0252	2.879728404	2.540949545	576	26
MET0287	2.103015906	1.995965094	1222	268
MET0288	0.128336722	0.126745907	833	80
MET0289	0.198647818	0.184793333	494	22
MET0290	1.498776316	1.462716563	1059	192
MET0291	1.101358467	1.041809681	607	39
MET0292	0.84284856	0.800155327	828	99
MET0293	3.358580596	3.255492274	1203	279
MET0294	2.362105301	2.292271942	1008	125
MET0295	3.123005821	3.053622221	1282	353
MET0296	0.408560342	0.385768371	679	50
MET0297	0.940613635	0.86784463	922	90
MET0298	4.068405445	3.903061642	1217	276
MET0299	2.543096132	2.476180847	1180	227
MET0300	0.366804373	0.348421957	669	50
MET0301	1.801823095	1.703802647	581	33
MET0302	2.329367256	2.282446765	1131	204
MET0303	1.549343192	1.464765866	1152	228
MET0304	1.78904318	1.701257324	1155	242
MET0305	0.926822892	0.902948138	661	82
MET0306	0.370363688	0.339408579	722	86
MET0307	1.30878455	1.200508556	754	94
MET0308	2.029061996	1.874857594	765	73
MET0309	0.564883293	0.543236327	830	128
MET0310	3.317086879	3.205620317	1076	252
MET0311	1.177760989	1.145059498	900	144
MET0312	2.632161802	2.507595239	1191	239
MET0313	0.915786122	0.876151219	861	140
MET0314	0.598628752	0.56029569	775	81
MET0315	2.940582491	2.821279764	1249	273
MET0316	3.874090545	3.673090042	1164	256
MET0317	0.701793317	0.679688379	795	85
MET0318	2.696129459	2.603540644	1005	89
MET0319	3.509260259	3.333559768	1215	228
MET0320	2.128896078	2.034998121	1196	275
MET0321	0.077150337	0.064976857	447	23
MET0322	0.532804266	0.500206398	730	78
MET0323	0.428379367	0.41619584	446	34
MET0324	0.671281633	0.631881409	813	95
MET0325	3.369550582	3.281647243	1174	269
MET0326	1.173082715	1.140281315	922	124
MET0327	2.421858102	2.287196771	1152	230
MET0328	1.94554342	1.710791561	938	117
MET0329	1.004110224	0.976322406	651	74
MET0330	1.010815868	0.99461011	718	69
MET0331	0.092214863	0.079154516	500	38
MET0332	3.41171532	3.326285393	1166	274
MET0333	1.936832765	1.849615432	1182	263
MET0334	0.878003735	0.855510571	668	65
MET0335	0.978613447	0.902668753	921	72
MET0336	3.397577989	2.979461466	825	53
MET0337	2.197793955	2.104869539	1089	152
MET0342	0.059740627	0.044801187	546	27
MET0343	0.502110081	0.425444308	654	63
MET0344	0.093891079	0.079954935	508	31
MET0345	0.468446198	0.411891616	839	98
MET0346	2.843347534	2.713691414	1142	245
MET0347	1.360580838	1.301407468	943	125
MET0348	1.788319814	1.666242722	1126	221
MET0349	1.595755029	1.497234394	1162	228
MET0350	2.040086228	1.93320314	658	77
MET0351	0.829645743	0.782489609	703	61
MET0352	0.118358096	0.092312257	660	44
MET0353	3.471612338	3.409049201	1059	180
MET0354	2.327780643	2.23411974	987	167
MET0355	0.583398455	0.52885865	806	45
MET0356	2.159058119	2.06739286	1148	190
MET0357	3.235159298	2.730855634	732	44
MET0358	3.519061791	3.374245649	1273	262
MET0361	1.32792983	1.236451304	955	95
MET0362	1.174215767	1.135108071	764	67
MET0363	1.411719599	1.328275629	547	35
MET0364	1.119083008	1.088228058	679	51
MET0365	3.298690935	3.084367106	1058	113
MET0366	2.752257359	2.611730074	844	58
MET0367	1.783389293	1.716581621	1117	159
MET0368	1.461950737	1.39568187	1097	156
MET0369	0.703377187	0.652473049	657	45
MET0370	0.130984241	0.129309472	534	30
MET0371	1.377478033	1.337646881	810	95
MET0372	1.652231297	1.585166271	1167	210
MET0373	1.864845548	1.770165841	1167	200
MET0374	0.675472137	0.635311725	650	47
MET0375	1.383236179	1.322908856	823	46
MET0376	2.350166937	2.27779566	791	61
MET0377	1.042348766	0.99008537	833	30
MET0380	0.984313762	0.888937522	745	57
MET0381	1.307853657	1.243290042	707	61
MET0382	1.060599447	1.013134531	897	73
MET0383	1.116638629	1.035168359	753	64
MET0384	2.825504561	2.725898024	1260	192
MET0385	3.576570945	3.419978216	1220	161
MET0386	1.757696674	1.68546697	1107	155
MET0387	1.361435931	1.286200079	1068	168
MET0388	0.779017184	0.696037544	511	20
MET0389	0.1453556	0.143680813	643	38
MET0390	1.440293753	1.381906301	807	80
MET0391	1.841490265	1.763138354	1178	198
MET0392	1.712868972	1.640120761	1186	242
MET0393	0.662859212	0.606859063	849	74
MET0394	1.394484288	1.352522643	738	56
MET0395	2.641300687	2.518471871	708	56
MET0396	3.25430588	3.150358191	1250	240
MET0399	2.671280389	2.589843375	1142	161
MET0400	2.562483452	2.334401456	438	42
MET0401	2.497956758	2.241768528	500	36
MET0402	2.123751464	2.011020644	613	63
MET0403	3.251940113	3.132950308	1137	231
MET0404	2.542903683	2.393075902	951	100
MET0405	2.38536467	2.296753759	1063	170
MET0406	1.987728235	1.901011691	985	129
MET0407	2.666122523	1.417320471	280	11
MET0408	1.619312223	1.464961132	395	30
MET0409	2.323265229	2.24701499	1030	154
MET0410	2.418898499	2.287528225	994	136
MET0411	2.88638108	2.795485708	1239	250
MET0412	2.157039309	2.030324678	730	72
MET0413	2.124039158	1.896266667	720	33
MET0414	2.477458052	2.314643508	784	44
MET0415	2.6443957	2.549717108	1144	201
MET0418	2.762365095	2.686528092	1015	150
MET0419	2.302130009	1.862880343	357	24
MET0420	2.433867794	2.311872167	686	71
MET0421	1.706133939	1.56506052	597	54
MET0422	3.255458605	3.156978346	1180	211
MET0423	2.346179435	2.239982909	996	110
MET0424	2.635174797	2.555836943	1086	153
MET0425	2.166777052	2.090561814	1017	140
MET0426	2.102308214	1.0344477	381	10
MET0427	1.264394945	1.155056437	442	34
MET0428	2.528392012	2.451846182	1007	135
MET0429	2.49219472	2.374602554	1179	224
MET0430	3.626369656	3.420151786	1202	259
MET0431	2.113906292	1.99934252	831	83
MET0432	1.941138962	1.7815136	566	26
MET0433	2.228702183	2.102470191	595	39
MET0434	3.328879417	3.183716656	1212	229
MET0437	0.480877275	0.450509558	646	45
MET0438	0.604685645	0.596291255	858	95
MET0439	0.333029342	0.32290052	1047	54
MET0440	0.728238879	0.697686258	893	58
MET0441	1.07346712	1.020711119	1040	141
MET0442	1.804060607	1.73776072	988	112
MET0443	1.688444328	1.595893389	1104	183
MET0444	1.746756916	1.68303332	1093	188
MET0445	2.180003684	1.693688541	564	26
MET0446	0.045699518	0.044881979	450	31
MET0447	1.088492977	1.067669938	601	40
MET0448	1.707780577	1.640447895	1153	226
MET0449	1.612803572	1.554807622	1199	274
MET0450	0.978459853	0.942145316	1016	84
MET0451	1.239390519	1.151914021	882	79
MET0453	2.616628064	2.553469772	1108	194
MET0456	0.375367978	0.35725661	643	34
MET0457	0.580165622	0.569472042	612	49
MET0458	0.736782493	0.705611278	939	58
MET0459	1.238030986	1.200291569	991	106
MET0460	2.247671636	2.039285971	824	63
MET0461	2.061256926	1.977016062	711	58
MET0462	1.329360269	1.259822043	949	80
MET0463	1.478905971	1.424598238	1007	96
MET0464	2.764018399	1.778594973	514	17
MET0465	0.025586547	0.024477747	329	20
MET0466	1.333636725	1.304043976	611	50
MET0467	2.143314746	2.009027541	1054	133
MET0468	2.050155529	1.971496144	1255	255
MET0469	1.445537731	1.358762636	1060	94
MET0470	1.936409784	1.835293191	1050	151
MET0471	1.933861944	1.806548915	878	65
MET0472	3.255386037	3.148115795	1302	265
MET0475	0.529290126	0.498968676	772	98
MET0476	1.642691298	1.585663731	891	121
MET0477	1.846430347	1.807612841	862	107
MET0479	2.842299992	2.748642305	1275	296
MET0480	3.196476408	3.108062035	1205	282
MET0481	2.392537838	1.103407265	285	5
MET0482	2.113948949	2.039764206	1149	234
MET0483	2.723316055	2.589654778	1008	127
MET0484	1.111748045	1.091205239	877	121
MET0485	1.114848348	1.087623604	753	97
MET0487	2.758499485	2.674035528	966	176
MET0488	2.315198367	2.267756751	1002	168
MET0489	1.571204683	1.536927844	807	53
MET0490	2.492744102	2.409524855	919	85
MET0494	0.302895034	0.287911069	524	44
MET0495	1.130920348	1.113333546	808	109
MET0497	0.599538753	0.594672412	719	87
MET0500	1.962961053	1.912450916	1062	214
MET0501	1.690695672	1.63721345	1089	178
MET0502	2.515642911	2.428482418	933	112
MET0503	0.785492474	0.774980782	856	108
MET0505	2.010162659	1.947110057	1087	199
MET0506	1.796151994	1.739432962	1012	165
MET0507	1.238298677	1.200268036	869	95
MET0508	0.930459231	0.885994123	871	89
MET0509	1.993429851	1.930850614	848	77
MET0510	3.43162071	3.343535356	1242	222
MET0513	2.628513276	2.243847715	907	85
MET0514	2.814079509	2.591744209	1023	132
MET0515	2.387479858	2.147196351	616	48
MET0516	3.417972337	3.194745656	1040	176
MET0518	1.491650394	1.377239269	754	79
MET0519	0.616546927	0.595181279	1271	251
MET0520	2.994202432	2.780221691	1196	210
MET0521	3.907567077	3.002283056	731	45
MET0522	0.387706464	0.375943765	849	70
MET0523	1.464472095	1.376749632	730	53
MET0525	4.075639089	3.974781614	1235	279
MET0526	1.978444306	1.406983428	676	28
MET0528	3.541767143	3.337622568	1157	185
MET0529	3.933363716	3.794596419	1314	334
MET0532	2.865214353	2.244429541	632	38
MET0533	1.398706928	1.285128153	699	43
MET0534	2.647380847	2.400773548	621	48
MET0535	2.898994449	2.67274204	585	48
MET0536	3.56144352	3.408717723	1345	292
MET0537	3.663085055	3.432094037	887	146
MET0538	2.887816571	2.7163502	1225	213
MET0539	1.911436371	1.810154935	1212	234
MET0540	3.236148199	2.583763849	620	34
MET0541	0.532122668	0.52375141	671	52
MET0542	1.369646747	1.215672783	502	34
MET0543	3.397357768	3.180943293	915	109
MET0544	3.345653777	3.247753062	844	105
MET0545	2.582651117	2.368655342	768	69
MET0546	2.303163489	2.168695553	1250	242
MET0547	2.514677746	2.392920004	1113	104
MET0548	3.133666964	2.986875159	1283	274
MET0551	0.354053632	0.307153307	589	37
MET0552	1.321885756	1.238473619	559	52
MET0553	0.852749024	0.738775049	274	23
MET0554	0.46470717	0.442688171	708	51
MET0556	2.000586062	1.889529364	600	52
MET0559	1.632845177	1.526021549	838	47
MET0560	0.263548815	0.260647794	816	52
MET0561	0.840210305	0.79995832	733	48
MET0564	1.221467609	1.198180453	755	74
MET0565	1.973176882	1.874280823	655	46
MET0566	2.464895251	2.269076531	872	65
MET0567	4.155083166	3.95105772	1141	242
MET0570	0.279070965	0.252054977	706	42
MET0571	0.995473842	0.963820113	755	57
MET0572	0.909983918	0.847175917	544	41
MET0573	0.634870729	0.59828984	900	67
MET0574	2.932498064	2.752664855	1192	177
MET0575	2.134131194	2.068665203	769	74
MET0576	1.721683953	1.67560506	1114	172
MET0577	2.021058043	1.964869597	1079	143
MET0579	0.525055242	0.521125149	561	42
MET0580	0.385999215	0.348021738	337	24
MET0583	1.484414379	1.454957678	871	87
MET0584	2.040656656	1.990846174	517	44
MET0585	2.329661309	2.202633895	806	60
MET0586	4.403363292	4.172843812	1099	226
MET0589	0.118095381	0.103961208	514	28
MET0590	1.347928521	1.285216411	960	99
MET0591	0.2108351	0.195904083	551	39
MET0592	0.929887233	0.888686456	884	108
MET0593	2.943595393	2.803827218	1243	213
MET0594	1.939138726	1.853902692	995	117
MET0595	2.0093165	1.9103981	1268	228
MET0597	0.761045963	0.621643508	571	10
MET0598	0.118506889	0.115689778	789	50
MET0599	0.281454923	0.263475375	575	51
MET0600	1.576809849	1.49944712	1164	193
MET0601	1.529379055	1.471122123	1155	204
MET0602	0.611783416	0.579033516	840	54
MET0603	1.445061013	1.374107917	858	62
MET0608	0.188231095	0.168889602	635	42
MET0609	1.470966708	1.424413181	1035	136
MET0610	0.357645278	0.337137012	734	67
MET0611	1.189047515	1.141868408	960	120
MET0613	2.235161637	2.170993316	1059	157
MET0614	1.793667146	1.723513154	1159	199
MET0615	1.398080932	1.333146324	1080	155
MET0616	0.787711227	0.676932621	660	38
MET0617	0.329024362	0.325532199	850	85
MET0618	0.527707667	0.507756322	651	80
MET0620	1.778365476	1.721652283	1122	193
MET0621	0.890148815	0.843722722	887	75
MET0622	1.66342525	1.563832737	1079	165
MET0624	3.18837204	3.056591294	1211	246
MET0627	0.872390524	0.820294028	921	73
MET0628	1.067910422	1.037226178	728	54
MET0629	1.259017997	1.236044717	846	72
MET0630	0.824447006	0.802815229	798	64
MET0631	3.442330631	3.275919468	1252	224
MET0632	2.9989692	2.794144935	994	116
MET0633	1.805909977	1.719598069	1156	176
MET0634	2.081603212	1.99815729	1218	215
MET0635	1.146796499	1.040881256	788	67
MET0636	0.07027897	0.069734276	634	40
MET0637	0.434600962	0.413487933	652	36
MET0638	2.232718607	2.155181588	1228	217
MET0639	2.53224844	2.455842093	1213	294
MET0640	1.461253141	1.364074659	770	48
MET0641	2.473827687	2.282719798	992	73
MET0642	2.950853679	2.814787299	1000	100
MET0643	4.610432156	4.378061755	1277	302
MET0646	0.711203955	0.66370276	887	72
MET0647	1.10556766	1.066647699	836	80
MET0648	0.958322212	0.920706291	752	53
MET0649	0.999852826	0.949269948	625	43
MET0650	3.233231452	3.089597877	1271	201
MET0651	3.209149727	3.068436714	1127	203
MET0652	2.461102181	2.305170373	1170	204
MET0653	2.153913378	2.04355821	1170	234
MET0654	1.718190409	1.594773016	907	102
MET0655	0.088603751	0.088050452	617	45
MET0656	0.402615346	0.380615426	672	66
MET0657	2.215815023	2.105991946	1241	248
MET0658	3.080759535	2.936879714	1212	263
MET0659	1.400748678	1.347869248	751	54
MET0660	3.130702638	2.922871296	798	50
MET0661	2.696947422	2.568475193	781	64
MET0662	4.425170888	4.253435327	1240	354
MET0665	0.071510957	0.062860899	397	18
MET0666	1.367066687	1.342597097	959	88
MET0667	1.739235754	1.487663306	646	31
MET0668	1.057310238	1.029646471	952	92
MET0669	2.691938738	2.541500581	1349	229
MET0670	2.701934431	2.520371845	1247	146
MET0671	1.914529559	1.799965963	1282	228
MET0672	2.238378957	2.093774233	1283	239
MET0673	2.756375938	2.17910393	902	59
MET0674	0.193633265	0.191443276	818	61
MET0675	0.469574822	0.459705096	508	32
MET0676	3.798491787	3.603033456	1080	165
MET0677	3.615230794	3.421793472	1178	216
MET0678	1.532855488	1.456387662	668	33
MET0679	1.232235997	1.162090946	1094	116
MET0680	1.907575609	1.870920994	783	43
MET0681	2.766862565	2.697963459	1177	204
MET0684	0.137943198	0.12377813	511	24
MET0685	0.890510965	0.876819418	924	93
MET0686	1.52320125	1.434342815	792	44
MET0687	1.080429806	1.066817131	691	61
MET0688	3.13532385	2.859344024	1220	214
MET0689	2.912826985	2.70044755	1064	130
MET0690	2.376312044	2.255306273	1139	223
MET0691	2.112042649	2.003599762	1187	256
MET0692	1.889544747	1.500583566	899	49
MET0693	0.251617539	0.24972248	670	60
MET0694	0.728190338	0.721015018	522	41
MET0695	1.614309178	1.542459482	926	141
MET0696	1.828547393	1.75122604	1214	247
MET0697	1.565618972	1.534301664	672	50
MET0698	2.490168889	2.360422497	1006	136
MET0699	3.64441871	3.446926226	1051	200
MET0700	3.577158445	3.444075392	1099	226
MET0703	0.403979939	0.380402781	692	41
MET0704	1.255012415	1.219237989	1063	119
MET0705	0.116885607	0.113040098	949	64
MET0706	1.587335277	1.52114411	1054	111
MET0707	3.154027831	2.951406327	1239	212
MET0708	2.189988422	2.047616076	893	76
MET0709	2.578312793	2.467890682	1290	253
MET0710	2.854207539	2.725431592	1218	247
MET0711	2.378583811	1.667448109	738	26
MET0712	0.06049316	0.059429238	907	59
MET0713	0.473305577	0.444076372	789	61
MET0714	2.918812318	2.847984874	1271	279
MET0715	2.569353939	2.510771023	1206	254
MET0716	1.141897324	1.104364301	936	108
MET0717	1.117271285	1.079763455	584	31
MET0718	3.644385803	3.105372221	594	46
MET0719	2.098506161	2.029727715	956	93
MET0722	0.151420049	0.095575199	106	3
MET0723	0.805433379	0.786502813	895	66
MET0724	0.15335841	0.149879668	986	68
MET0725	1.346940038	1.289115073	935	67
MET0726	2.75462436	2.639779653	1277	280
MET0727	2.315651348	2.241721543	982	95
MET0728	2.083623921	1.999005729	1260	261
MET0729	2.305480327	2.230680456	1269	300
MET0730	2.0728437	1.462423623	816	39
MET0731	0.035790078	0.035372863	702	40
MET0732	0.313029048	0.294167152	653	40
MET0733	2.241175569	2.175007532	1189	244
MET0734	2.546949295	2.486964046	1079	223
MET0735	1.011347393	0.984372496	863	79
MET0736	1.352721619	1.300065065	706	53
MET0737	2.086258723	2.012787981	627	55
MET0738	1.497799843	1.447159355	1111	167
MET0742	1.091537387	1.020215119	919	121
MET0743	0.981987812	0.951422	854	87
MET0744	0.182792919	0.163986816	641	63
MET0745	3.036709243	2.907630116	1234	254
MET0746	1.167375986	1.14786347	927	82
MET0747	2.289936472	2.1342923	1219	207
MET0748	1.438228977	1.330835271	1209	215
MET0749	2.413259327	1.94982499	824	54
MET0750	0.832474965	0.817719084	866	94
MET0751	0.445875026	0.408887826	847	106
MET0752	1.368557787	1.287025819	1186	201
MET0753	1.510216752	1.435860367	1161	196
MET0754	0.589107392	0.552292192	764	47
MET0755	1.328618678	1.262550086	785	45
MET0756	2.200021377	2.128053396	882	44
MET0757	2.118374142	2.05179196	1023	133
MET0760	0.577061122	0.537253093	813	63
MET0761	0.937413715	0.897186788	951	130
MET0762	0.892539703	0.871737322	824	71
MET0763	0.157219119	0.142407708	579	51
MET0764	3.380007567	3.04155318	1028	141
MET0765	0.674595877	0.665029694	847	82
MET0766	1.54000047	1.43300567	1128	204
MET0767	1.973926796	1.878741988	1234	252
MET0768	2.819383551	2.416456666	676	47
MET0769	0.841784268	0.828468284	640	71
MET0770	0.700209755	0.67189745	842	122
MET0771	1.945605351	1.869468895	1182	244
MET0772	1.500470208	1.448467994	1050	220
MET0773	0.942557338	0.922001854	663	45
MET0774	0.858137915	0.826837566	610	41
MET0775	1.622538961	1.575705664	773	49
MET0776	2.025819328	1.852467904	1083	199
MET0779	3.024165316	2.937458133	1236	275
MET0780	3.290067946	3.211684395	1157	265
MET0781	0.913547728	0.896851552	581	51
MET0782	2.862475199	2.755338756	1163	242
MET0783	2.494150021	2.424505695	971	144
MET0784	0.691652001	0.682373643	719	77
MET0785	3.757890197	3.515208787	1244	249
MET0786	2.942077941	2.773864454	1089	167
MET0787	3.825080541	3.630878052	1275	296
MET0788	3.233349984	3.117996865	1288	253
MET0789	1.610073464	1.552771018	956	114
MET0790	1.173880271	1.112440437	783	59
MET0791	2.850136818	2.749261821	1201	189
MET0792	2.098438558	2.018006743	1156	168
MET0793	1.544576595	1.444477498	520	27
MET0794	3.259995668	3.131883267	1181	191
MET0795	2.226591823	2.1472909	1162	220
MET0796	1.608171863	1.447526802	975	98
MET0797	2.246789093	2.214894026	676	43
MET0798	2.42124938	2.316563168	1137	166
MET0799	3.153367178	2.987457586	1220	182
MET0800	1.877100972	1.798700583	1132	189
MET0801	2.127895772	2.061179669	724	41